BER2=[0.45304, 0.362931, 0.132648, 0.0163698, 0.0017964, 0.000188973, 3.15728e-05];
FER2=[0.9998, 0.964, 0.5882, 0.149, 0.0295, 0.0054, 0.0011];

BER8=[0.452521, 0.341483, 0.0915459, 0.0102768, 0.00152612, 0.000272316, 5.57168e-05];
FER8=[0.9995, 0.9385, 0.4771, 0.1183, 0.029, 0.0061, 0.0012];
